3dto2d
Vertex
0.0 0.0 0.0
1.0 0.0 0.0
0.0 1.0 0.0
0.0 0.0 1.0 
0.0 1.0 1.0
1.0 1.1 0.0
1.0 0.1 1.0
1.0 1.0 1.0 ;
Edge
0.0 0.0 0.0 1.0 0.0 0.0
0.0 0.0 0.0 0.0 1.0 0.0
0.0 0.0 0.0 0.0 0.0 1.0
1.0 0.0 0.0 1.0 1.0 0.0
0.0 1.0 0.0 1.0 1.0 0.0
1.0 0.0 0.0 1.0 0.0 1.0
1.0 1.0 0.0 1.0 1.0 1.0
1.0 0.0 1.0 1.0 1.0 1.0
0.0 0.0 1.0 1.0 0.0 1.0
0.0 0.0 1.0 0.0 1.0 1.0
0.0 1.0 1.0 1.0 1.0 1.0
0.0 1.0 0.0 0.0 1.0 1.0 ;;
Plane
[ ( 0.0 0.0 0.0 1.0 0.0 0.0 ) ( 1.0 0.0 0.0 1.0 0.0 1.0 ) ( 0.0 0.0 1.0 1.0 0.0 1.0 ) ( 0.0 0.0 0.0 0.0 0.0 1.0 ) ] 
[ ( 0.0 0.0 0.0 0.0 1.0 0.0 ) ( 0.0 1.0 0.0 1.0 1.0 0.0 ) ( 1.0 1.0 0.0 1.0 0.0 0.0 ) ( 1.0 0.0 0.0 0.0 0.0 0.0 ) ] 
[ ( 1.0 0.0 0.0 1.0 0.0 1.0 ) ( 1.0 0.0 1.0 1.0 1.0 1.0 ) ( 1.0 1.0 1.0 1.0 1.0 0.0 ) ( 1.0 1.0 0.0 1.0 0.0 0.0 ) ] 
[ ( 1.0 1.0 1.0 1.0 0.0 1.0 ) ( 1.0 0.0 1.0 0.0 0.0 1.0 ) ( 0.0 0.0 1.0 0.0 1.0 1.0 ) ( 0.0 1.0 1.0 1.0 1.0 1.0 ) ] 
[ ( 1.0 1.0 1.0 1.0 1.0 0.0 ) ( 1.0 1.0 0.0 0.0 1.0 0.0 ) ( 0.0 1.0 0.0 0.0 1.0 1.0 ) ( 0.0 1.0 1.0 1.0 1.0 1.0 ) ] 
[ ( 0.0 0.0 0.0 0.0 0.0 1.0 ) ( 0.0 0.0 1.0 0.0 1.0 1.0 ) ( 0.0 1.0 1.0 0.0 1.0 0.0 ) ( 0.0 1.0 0.0 0.0 0.0 0.0 ) ] ;;;
11.0 -10.0 31.01 2.0
